<<<<<<< HEAD
3,2
10,66
10,280
10,158
10,146
10,262
10,76
10,80
10,2
10,3
11,2
9,6
9,4
9,2
9,3
8,11
8,4
8,15
8,8
8,16
8,6
8,2
8,3
29,3
29,2
=======
3,1
3,3
10,111
10,109
10,7
10,21
10,25
10,123
10,5
10,211
11,14
9,7
9,5
8,13
8,5
8,17
8,14
8,12
29,3
>>>>>>> master
29,1
27,3
27,2
27,1
27,0
20,3
20,2
20,1
19,3
19,2
19,1
<<<<<<< HEAD
2,2
2,1
18,3
2,3
18,1
=======
>>>>>>> master
12,3
12,2
12,1
11,28
11,27
11,26
11,25
11,24
11,23
11,22
11,21
11,20
11,19
11,18
11,17
18,1
11,16
18,3
11,15
11,14
11,13
11,12
11,11
11,10
11,9
11,8
11,7
11,6
11,5
<<<<<<< HEAD
11,1
11,4
11,3
10,267
10,211
=======
11,4
11,3
11,2
11,1
10,309
10,308
10,307
10,306
10,305
10,304
10,303
10,302
10,301
10,274
10,260
>>>>>>> master
